@<TRIPOS>MOLECULE
*****
21 21 0 0 0
SMALL
GASTEIGER
@<TRIPOS>ATOM
1 C -1.329 -0.2588 8.3e-2 1.0
2 C -0.6389 0.6475 0.8934 1.0
3 C -0.6556 -1.0282 -0.8744 1.0
4 C 0.7463 0.7578 0.7747 1.0
5 C 0.7379 -0.9187 -0.9722 1.0
6 C 1.4347 -2.78e-2 -0.1512 1.0
7 C -1.3363 -1.9715 -1.7954 1.0
8 O -0.8015 -2.9795 -2.2246 1.0
9 O -2.5846 -1.5973 -2.1512 1.0
10 O -2.7192 -0.3457 0.2174 1.0
11 C -3.1101 -1.1484 1.289 1.0
12 O -2.3728 -1.7149 2.0823 1.0
13 C -4.6077 -1.2122 1.324 1.0
14 H -1.1684 1.2524 1.6239 1.0
15 H 1.2932 1.4494 1.4114 1.0
16 H 1.2854 -1.5265 -1.6909 1.0
17 H 2.5164 5.1e-2 -0.2334 1.0
18 H -2.8518 -0.7241 -1.8056 1.0
19 H -5.0181 -0.2094 1.4663 1.0
20 H -4.981 -1.6539 0.3967 1.0
21 H -4.9237 -1.8406 2.1616 1.0
@<TRIPOS>BOND
1 1 2 ar
2 2 4 ar
3 1 3 ar
4 3 5 ar
5 5 6 ar
6 4 6 ar
7 1 10 1
8 10 11 1
9 11 13 1
10 13 21 1
11 13 20 1
12 13 19 1
13 11 12 2
14 3 7 1
15 7 9 1
16 9 18 1
17 7 8 2
18 5 16 1
19 6 17 1
20 4 15 1
21 2 14 1
